name: portfolio
channels:
  - defaults
  - conda-forge
dependencies:
  - bzip2=1.0.8=he774522_0
  - ca-certificates=2023.12.12=haa95532_0
  - click=8.1.7=py312haa95532_0
  - colorama=0.4.6=py312haa95532_0
  - expat=2.5.0=hd77b12b_0
  - flask=2.2.5=py312haa95532_0
  - flask-assets=2.1.0=pyhd8ed1ab_0
  - itsdangerous=2.0.1=pyhd3eb1b0_0
  - jinja2=3.1.2=py312haa95532_0
  - libexpat=2.5.0=h63175ca_1
  - libffi=3.4.4=hd77b12b_0
  - libsass=0.22.0=py312h53d5487_1
  - libsqlite=3.44.2=hcfcfb64_0
  - libzlib=1.2.13=hcfcfb64_5
  - markupsafe=2.1.1=py312h2bbff1b_0
  - openssl=3.2.0=hcfcfb64_1
  - pip=23.3.1=py312haa95532_0
  - python=3.12.1=h2628c8c_1_cpython
  - python_abi=3.12=4_cp312
  - setuptools=68.2.2=py312haa95532_0
  - six=1.16.0=pyhd3eb1b0_1
  - sqlite=3.41.2=h2bbff1b_0
  - tk=8.6.13=h5226925_1
  - tzdata=2023c=h04d1e81_0
  - ucrt=10.0.20348.0=haa95532_0
  - vc=14.2=h21ff451_1
  - vc14_runtime=14.38.33130=h82b7239_18
  - vs2015_runtime=14.38.33130=hcb4865c_18
  - webassets=2.0=py_0
  - werkzeug=2.2.3=py312haa95532_0
  - wheel=0.41.2=py312haa95532_0
  - xz=5.4.5=h8cc25b3_0
