name: portfolio
channels:
  - defaults
  - conda-forge
dependencies:
  - bzip2=1.0.8=he774522_0
  - ca-certificates=2023.12.12=haa95532_0
  - click=8.1.7=py310haa95532_0
  - colorama=0.4.6=py310haa95532_0
  - flask=2.2.5=py310haa95532_0
  - flask-assets=2.1.0=pyhd8ed1ab_0
  - itsdangerous=2.0.1=pyhd3eb1b0_0
  - jinja2=3.1.2=py310haa95532_0
  - libffi=3.4.4=hd77b12b_0
  - libsass=0.22.0=py310h00ffb61_1
  - libzlib=1.2.13=hcfcfb64_5
  - markupsafe=2.1.1=py310h2bbff1b_0
  - openssl=3.0.12=h2bbff1b_0
  - pip=23.3.1=py310haa95532_0
  - python=3.10.5=hcf16a7b_0_cpython
  - python_abi=3.10=4_cp310
  - setuptools=68.2.2=py310haa95532_0
  - six=1.16.0=pyhd3eb1b0_1
  - sqlite=3.41.2=h2bbff1b_0
  - tk=8.6.12=h2bbff1b_0
  - tzdata=2023c=h04d1e81_0
  - ucrt=10.0.20348.0=haa95532_0
  - vc=14.2=h21ff451_1
  - vc14_runtime=14.38.33130=h82b7239_18
  - vs2015_runtime=14.38.33130=hcb4865c_18
  - webassets=2.0=py_0
  - werkzeug=2.2.3=py310haa95532_0
  - wheel=0.41.2=py310haa95532_0
  - xz=5.4.5=h8cc25b3_0
